Source matrix:
------------------------------------------------------------------------------------------------------------------------------------------------------
   -1    0    0    0    0    |   -1   -1    1    1    0    0    0    0    0    0    0    0    0    0    0    0    0    0    0    0    0    0    0    0
    0   -1    0    0    0    |   -1   -1    0    1    1    0    0    0    0    0    0    0    0    0    0    0    0    0    0    0    0    0    0    0
    0    0   -1    0    0    |   -1    0    0    0    0    1    0    0    0    0    0    0    0    0    0    0    0    0    0    0    0    0    0    0
    0    0    0   -1    0    |   -1    0    0    0    0    0    1    0    0    0    0    0    0    0    0    0    0    0    0    0    0    0    0    0
    0    0    0    0   -1    |    0   -2    0    2    0    0    0    0    0    0    0    0    0    0    0    0    0    0    0    0    0    0    0    0
    0    0    0    0    0    |    0   -1   -1    1    0    0    0    1    0    0    0    0    0    0    0    0    0    0    0    0    0    0    0    0
    0    0    0    0    0    |    1    0   -1    0    0    0    0   -1    1    0    0    0    0    0    0    0    0    0    0    0    0    0    0    0
    0    0    0    0    0    |    0   -1    0    1    0    0    0    0   -1    1    0    0    0    0    0    0    0    0    0    0    0    0    0    0
    0    0    0    0    0    |    0    0    1    0   -1    0    0    0    0   -1    1    0    0    0    0    0    0    0    0    0    0    0    0    0
    0    0    0    0    0    |    0   -1    0    1    0    0    0    0    0    0   -1    1    0    0    0    0    0    0    0    0    0    0    0    0
    0    0    0    0    0    |    1    0    0    0   -1    0   -1    0    0    0    0    1    0    0    0    0    0    0    0    0    0    0    0    0
    0    0    0    0    0    |    0   -1    0    1    0    1    0    0    0    0    0   -1    0    0    0    0    0    0    0    0    0    0    0    0
   -1    0    0    0    0    |    0    0    0    0    0    0    0    0    0    0    0    0   -1   -1    1    1    0    0    0    0    0    0    0    0
    0    0    0   -1    0    |    0    0    0    0    0    0    0    0    0    0    0    0   -1    0    0    0    1    0    0    0    0    0    0    0
    0    0    0    0   -1    |    0    0    0    0    0    0    0    0    0    0    0    0    0   -2    0    2    0    0    0    0    0    0    0    0
    0    0    0    0    0    |    0    0    0    0    0    0    0    0    0    0    0    0    0   -1   -1    1    0    1    0    0    0    0    0    0
    0    0    0    0    0    |    0    0    0    0    0    0    0    0    0    0    0    0    1    0   -1    0    0   -1    1    0    0    0    0    0
    0    0    0    0    0    |    0    0    0    0    0    0    0    0    0    0    0    0    0   -1    0    1    0    0   -1    1    0    0    0    0
    0    0    0    0    0    |    0    0    0    0    0    0    0    0    0    0    0    0   -1    0    1    0    0    0    0   -1    1    0    0    0
    0    0    0    0    0    |    0    0    0    0    0    0    0    0    0    0    0    0    0   -1    0    1    1    0    0    0   -1    0    0    0
    0   -1    0    0    0    |    0    0    0    0    0    0    0    0    0    0    0    0   -1   -1    0    1    0    0    0    0    0    1    0    0
    0    0   -1    0    0    |    0    0    0    0    0    0    0    0    0    0    0    0   -1    0    0    0    0    0    0    0    0    0    0    1
    0    0    0    0    0    |    0    0    0    0    0    0    0    0    0    0    0    0    1    0    0    0   -1    0    0    0    0   -1    1    0
    0    0    0    0    0    |    0    0    0    0    0    0    0    0    0    0    0    0    0   -1    0    1    0    0    0    0    0    0   -1    1
------------------------------------------------------------------------------------------------------------------------------------------------------
Rank of source Bodenshtain matrix: 20

Source matrix:
------------------------------------------------------------------------------------------------------------------------------------------------------
   -1    0    0    0    0    |   -1   -1    1    1    0    0    0    0    0    0    0    0    0    0    0    0    0    0    0    0    0    0    0    0
    0   -1    0    0    0    |   -1   -1    0    1    1    0    0    0    0    0    0    0    0    0    0    0    0    0    0    0    0    0    0    0
    0    0   -1    0    0    |   -1    0    0    0    0    1    0    0    0    0    0    0    0    0    0    0    0    0    0    0    0    0    0    0
    0    0    0   -1    0    |   -1    0    0    0    0    0    1    0    0    0    0    0    0    0    0    0    0    0    0    0    0    0    0    0
    0    0    0    0   -1    |    0   -2    0    2    0    0    0    0    0    0    0    0    0    0    0    0    0    0    0    0    0    0    0    0
    0    0    0    0    0    |    0   -1   -1    1    0    0    0    1    0    0    0    0    0    0    0    0    0    0    0    0    0    0    0    0
    0    0    0    0    0    |    1    0   -1    0    0    0    0   -1    1    0    0    0    0    0    0    0    0    0    0    0    0    0    0    0
    0    0    0    0    0    |    0   -1    0    1    0    0    0    0   -1    1    0    0    0    0    0    0    0    0    0    0    0    0    0    0
    0    0    0    0    0    |    0    0    1    0   -1    0    0    0    0   -1    1    0    0    0    0    0    0    0    0    0    0    0    0    0
    0    0    0    0    0    |    0   -1    0    1    0    0    0    0    0    0   -1    1    0    0    0    0    0    0    0    0    0    0    0    0
    0    0    0    0    0    |    1    0    0    0   -1    0   -1    0    0    0    0    1    0    0    0    0    0    0    0    0    0    0    0    0
    0    0    0    0    0    |    0   -1    0    1    0    1    0    0    0    0    0   -1    0    0    0    0    0    0    0    0    0    0    0    0
   -1    0    0    0    0    |    0    0    0    0    0    0    0    0    0    0    0    0   -1   -1    1    1    0    0    0    0    0    0    0    0
    0    0    0   -1    0    |    0    0    0    0    0    0    0    0    0    0    0    0   -1    0    0    0    1    0    0    0    0    0    0    0
    0    0    0    0   -1    |    0    0    0    0    0    0    0    0    0    0    0    0    0   -2    0    2    0    0    0    0    0    0    0    0
    0    0    0    0    0    |    0    0    0    0    0    0    0    0    0    0    0    0    0   -1   -1    1    0    1    0    0    0    0    0    0
    0    0    0    0    0    |    0    0    0    0    0    0    0    0    0    0    0    0    1    0   -1    0    0   -1    1    0    0    0    0    0
    0    0    0    0    0    |    0    0    0    0    0    0    0    0    0    0    0    0    0   -1    0    1    0    0   -1    1    0    0    0    0
    0    0    0    0    0    |    0    0    0    0    0    0    0    0    0    0    0    0   -1    0    1    0    0    0    0   -1    1    0    0    0
    0    0    0    0    0    |    0    0    0    0    0    0    0    0    0    0    0    0    0   -1    0    1    1    0    0    0   -1    0    0    0
    0   -1    0    0    0    |    0    0    0    0    0    0    0    0    0    0    0    0   -1   -1    0    1    0    0    0    0    0    1    0    0
    0    0   -1    0    0    |    0    0    0    0    0    0    0    0    0    0    0    0   -1    0    0    0    0    0    0    0    0    0    0    1
    0    0    0    0    0    |    0    0    0    0    0    0    0    0    0    0    0    0    1    0    0    0   -1    0    0    0    0   -1    1    0
    0    0    0    0    0    |    0    0    0    0    0    0    0    0    0    0    0    0    0   -1    0    1    0    0    0    0    0    0   -1    1
------------------------------------------------------------------------------------------------------------------------------------------------------
Rank of source Bodenshtain matrix: 20

Source matrix:
------------------------------------------------------------------------------------------------------------------------------------------------------
   -1    0    0    0    0    |   -1   -1    1    1    0    0    0    0    0    0    0    0    0    0    0    0    0    0    0    0    0    0    0    0
    0   -1    0    0    0    |   -1   -1    0    1    1    0    0    0    0    0    0    0    0    0    0    0    0    0    0    0    0    0    0    0
    0    0   -1    0    0    |   -1    0    0    0    0    1    0    0    0    0    0    0    0    0    0    0    0    0    0    0    0    0    0    0
    0    0    0   -1    0    |   -1    0    0    0    0    0    1    0    0    0    0    0    0    0    0    0    0    0    0    0    0    0    0    0
    0    0    0    0   -1    |    0   -2    0    2    0    0    0    0    0    0    0    0    0    0    0    0    0    0    0    0    0    0    0    0
    0    0    0    0    0    |    0   -1   -1    1    0    0    0    1    0    0    0    0    0    0    0    0    0    0    0    0    0    0    0    0
    0    0    0    0    0    |    1    0   -1    0    0    0    0   -1    1    0    0    0    0    0    0    0    0    0    0    0    0    0    0    0
    0    0    0    0    0    |    0   -1    0    1    0    0    0    0   -1    1    0    0    0    0    0    0    0    0    0    0    0    0    0    0
    0    0    0    0    0    |    0    0    1    0   -1    0    0    0    0   -1    1    0    0    0    0    0    0    0    0    0    0    0    0    0
    0    0    0    0    0    |    0   -1    0    1    0    0    0    0    0    0   -1    1    0    0    0    0    0    0    0    0    0    0    0    0
    0    0    0    0    0    |    1    0    0    0   -1    0   -1    0    0    0    0    1    0    0    0    0    0    0    0    0    0    0    0    0
    0    0    0    0    0    |    0   -1    0    1    0    1    0    0    0    0    0   -1    0    0    0    0    0    0    0    0    0    0    0    0
   -1    0    0    0    0    |    0    0    0    0    0    0    0    0    0    0    0    0   -1   -1    1    1    0    0    0    0    0    0    0    0
    0    0    0   -1    0    |    0    0    0    0    0    0    0    0    0    0    0    0   -1    0    0    0    1    0    0    0    0    0    0    0
    0    0    0    0   -1    |    0    0    0    0    0    0    0    0    0    0    0    0    0   -2    0    2    0    0    0    0    0    0    0    0
    0    0    0    0    0    |    0    0    0    0    0    0    0    0    0    0    0    0    0   -1   -1    1    0    1    0    0    0    0    0    0
    0    0    0    0    0    |    0    0    0    0    0    0    0    0    0    0    0    0    1    0   -1    0    0   -1    1    0    0    0    0    0
    0    0    0    0    0    |    0    0    0    0    0    0    0    0    0    0    0    0    0   -1    0    1    0    0   -1    1    0    0    0    0
    0    0    0    0    0    |    0    0    0    0    0    0    0    0    0    0    0    0   -1    0    1    0    0    0    0   -1    1    0    0    0
    0    0    0    0    0    |    0    0    0    0    0    0    0    0    0    0    0    0    0   -1    0    1    1    0    0    0   -1    0    0    0
    0   -1    0    0    0    |    0    0    0    0    0    0    0    0    0    0    0    0   -1   -1    0    1    0    0    0    0    0    1    0    0
    0    0   -1    0    0    |    0    0    0    0    0    0    0    0    0    0    0    0   -1    0    0    0    0    0    0    0    0    0    0    1
    0    0    0    0    0    |    0    0    0    0    0    0    0    0    0    0    0    0    1    0    0    0   -1    0    0    0    0   -1    1    0
    0    0    0    0    0    |    0    0    0    0    0    0    0    0    0    0    0    0    0   -1    0    1    0    0    0    0    0    0   -1    1
------------------------------------------------------------------------------------------------------------------------------------------------------
Rank of source Bodenshtain matrix: 20

Source matrix:
------------------------------------------------------------------------------------------------------------------------------------------------------
   -1    0    0    0    0    |   -1   -1    1    1    0    0    0    0    0    0    0    0    0    0    0    0    0    0    0    0    0    0    0    0
    0   -1    0    0    0    |   -1   -1    0    1    1    0    0    0    0    0    0    0    0    0    0    0    0    0    0    0    0    0    0    0
    0    0   -1    0    0    |   -1    0    0    0    0    1    0    0    0    0    0    0    0    0    0    0    0    0    0    0    0    0    0    0
    0    0    0   -1    0    |   -1    0    0    0    0    0    1    0    0    0    0    0    0    0    0    0    0    0    0    0    0    0    0    0
    0    0    0    0   -1    |    0   -2    0    2    0    0    0    0    0    0    0    0    0    0    0    0    0    0    0    0    0    0    0    0
    0    0    0    0    0    |    0   -1   -1    1    0    0    0    1    0    0    0    0    0    0    0    0    0    0    0    0    0    0    0    0
    0    0    0    0    0    |    1    0   -1    0    0    0    0   -1    1    0    0    0    0    0    0    0    0    0    0    0    0    0    0    0
    0    0    0    0    0    |    0   -1    0    1    0    0    0    0   -1    1    0    0    0    0    0    0    0    0    0    0    0    0    0    0
    0    0    0    0    0    |    0    0    1    0   -1    0    0    0    0   -1    1    0    0    0    0    0    0    0    0    0    0    0    0    0
    0    0    0    0    0    |    0   -1    0    1    0    0    0    0    0    0   -1    1    0    0    0    0    0    0    0    0    0    0    0    0
    0    0    0    0    0    |    1    0    0    0   -1    0   -1    0    0    0    0    1    0    0    0    0    0    0    0    0    0    0    0    0
    0    0    0    0    0    |    0   -1    0    1    0    1    0    0    0    0    0   -1    0    0    0    0    0    0    0    0    0    0    0    0
   -1    0    0    0    0    |    0    0    0    0    0    0    0    0    0    0    0    0   -1   -1    1    1    0    0    0    0    0    0    0    0
    0    0    0   -1    0    |    0    0    0    0    0    0    0    0    0    0    0    0   -1    0    0    0    1    0    0    0    0    0    0    0
    0    0    0    0   -1    |    0    0    0    0    0    0    0    0    0    0    0    0    0   -2    0    2    0    0    0    0    0    0    0    0
    0    0    0    0    0    |    0    0    0    0    0    0    0    0    0    0    0    0    0   -1   -1    1    0    1    0    0    0    0    0    0
    0    0    0    0    0    |    0    0    0    0    0    0    0    0    0    0    0    0    1    0   -1    0    0   -1    1    0    0    0    0    0
    0    0    0    0    0    |    0    0    0    0    0    0    0    0    0    0    0    0    0   -1    0    1    0    0   -1    1    0    0    0    0
    0    0    0    0    0    |    0    0    0    0    0    0    0    0    0    0    0    0   -1    0    1    0    0    0    0   -1    1    0    0    0
    0    0    0    0    0    |    0    0    0    0    0    0    0    0    0    0    0    0    0   -1    0    1    1    0    0    0   -1    0    0    0
    0   -1    0    0    0    |    0    0    0    0    0    0    0    0    0    0    0    0   -1   -1    0    1    0    0    0    0    0    1    0    0
    0    0   -1    0    0    |    0    0    0    0    0    0    0    0    0    0    0    0   -1    0    0    0    0    0    0    0    0    0    0    1
    0    0    0    0    0    |    0    0    0    0    0    0    0    0    0    0    0    0    1    0    0    0   -1    0    0    0    0   -1    1    0
    0    0    0    0    0    |    0    0    0    0    0    0    0    0    0    0    0    0    0   -1    0    1    0    0    0    0    0    0   -1    1
------------------------------------------------------------------------------------------------------------------------------------------------------
Rank of source Bodenshtain matrix: 20

Source matrix:
------------------------------------------------------------------------------------------------------------------------------------------------------
   -1    0    0    0    0    |   -1   -1    1    1    0    0    0    0    0    0    0    0    0    0    0    0    0    0    0    0    0    0    0    0
    0   -1    0    0    0    |   -1   -1    0    1    1    0    0    0    0    0    0    0    0    0    0    0    0    0    0    0    0    0    0    0
    0    0   -1    0    0    |   -1    0    0    0    0    1    0    0    0    0    0    0    0    0    0    0    0    0    0    0    0    0    0    0
    0    0    0   -1    0    |   -1    0    0    0    0    0    1    0    0    0    0    0    0    0    0    0    0    0    0    0    0    0    0    0
    0    0    0    0   -1    |    0   -2    0    2    0    0    0    0    0    0    0    0    0    0    0    0    0    0    0    0    0    0    0    0
    0    0    0    0    0    |    0   -1   -1    1    0    0    0    1    0    0    0    0    0    0    0    0    0    0    0    0    0    0    0    0
    0    0    0    0    0    |    1    0   -1    0    0    0    0   -1    1    0    0    0    0    0    0    0    0    0    0    0    0    0    0    0
    0    0    0    0    0    |    0   -1    0    1    0    0    0    0   -1    1    0    0    0    0    0    0    0    0    0    0    0    0    0    0
    0    0    0    0    0    |    0    0    1    0   -1    0    0    0    0   -1    1    0    0    0    0    0    0    0    0    0    0    0    0    0
    0    0    0    0    0    |    0   -1    0    1    0    0    0    0    0    0   -1    1    0    0    0    0    0    0    0    0    0    0    0    0
    0    0    0    0    0    |    1    0    0    0   -1    0   -1    0    0    0    0    1    0    0    0    0    0    0    0    0    0    0    0    0
    0    0    0    0    0    |    0   -1    0    1    0    1    0    0    0    0    0   -1    0    0    0    0    0    0    0    0    0    0    0    0
   -1    0    0    0    0    |    0    0    0    0    0    0    0    0    0    0    0    0   -1   -1    1    1    0    0    0    0    0    0    0    0
    0    0    0   -1    0    |    0    0    0    0    0    0    0    0    0    0    0    0   -1    0    0    0    1    0    0    0    0    0    0    0
    0    0    0    0   -1    |    0    0    0    0    0    0    0    0    0    0    0    0    0   -2    0    2    0    0    0    0    0    0    0    0
    0    0    0    0    0    |    0    0    0    0    0    0    0    0    0    0    0    0    0   -1   -1    1    0    1    0    0    0    0    0    0
    0    0    0    0    0    |    0    0    0    0    0    0    0    0    0    0    0    0    1    0   -1    0    0   -1    1    0    0    0    0    0
    0    0    0    0    0    |    0    0    0    0    0    0    0    0    0    0    0    0    0   -1    0    1    0    0   -1    1    0    0    0    0
    0    0    0    0    0    |    0    0    0    0    0    0    0    0    0    0    0    0   -1    0    1    0    0    0    0   -1    1    0    0    0
    0    0    0    0    0    |    0    0    0    0    0    0    0    0    0    0    0    0    0   -1    0    1    1    0    0    0   -1    0    0    0
    0   -1    0    0    0    |    0    0    0    0    0    0    0    0    0    0    0    0   -1   -1    0    1    0    0    0    0    0    1    0    0
    0    0   -1    0    0    |    0    0    0    0    0    0    0    0    0    0    0    0   -1    0    0    0    0    0    0    0    0    0    0    1
    0    0    0    0    0    |    0    0    0    0    0    0    0    0    0    0    0    0    1    0    0    0   -1    0    0    0    0   -1    1    0
    0    0    0    0    0    |    0    0    0    0    0    0    0    0    0    0    0    0    0   -1    0    1    0    0    0    0    0    0   -1    1
------------------------------------------------------------------------------------------------------------------------------------------------------
Rank of source Bodenshtain matrix: 20

Source matrix:
------------------------------------------------------------------------------------------------------------------------------------------------------
   -1    0    0    0    0    |   -1   -1    1    1    0    0    0    0    0    0    0    0    0    0    0    0    0    0    0    0    0    0    0    0
    0   -1    0    0    0    |   -1   -1    0    1    1    0    0    0    0    0    0    0    0    0    0    0    0    0    0    0    0    0    0    0
    0    0   -1    0    0    |   -1    0    0    0    0    1    0    0    0    0    0    0    0    0    0    0    0    0    0    0    0    0    0    0
    0    0    0   -1    0    |   -1    0    0    0    0    0    1    0    0    0    0    0    0    0    0    0    0    0    0    0    0    0    0    0
    0    0    0    0   -1    |    0   -2    0    2    0    0    0    0    0    0    0    0    0    0    0    0    0    0    0    0    0    0    0    0
    0    0    0    0    0    |    0   -1   -1    1    0    0    0    1    0    0    0    0    0    0    0    0    0    0    0    0    0    0    0    0
    0    0    0    0    0    |    1    0   -1    0    0    0    0   -1    1    0    0    0    0    0    0    0    0    0    0    0    0    0    0    0
    0    0    0    0    0    |    0   -1    0    1    0    0    0    0   -1    1    0    0    0    0    0    0    0    0    0    0    0    0    0    0
    0    0    0    0    0    |    0    0    1    0   -1    0    0    0    0   -1    1    0    0    0    0    0    0    0    0    0    0    0    0    0
    0    0    0    0    0    |    0   -1    0    1    0    0    0    0    0    0   -1    1    0    0    0    0    0    0    0    0    0    0    0    0
    0    0    0    0    0    |    1    0    0    0   -1    0   -1    0    0    0    0    1    0    0    0    0    0    0    0    0    0    0    0    0
    0    0    0    0    0    |    0   -1    0    1    0    1    0    0    0    0    0   -1    0    0    0    0    0    0    0    0    0    0    0    0
   -1    0    0    0    0    |    0    0    0    0    0    0    0    0    0    0    0    0   -1   -1    1    1    0    0    0    0    0    0    0    0
    0    0    0   -1    0    |    0    0    0    0    0    0    0    0    0    0    0    0   -1    0    0    0    1    0    0    0    0    0    0    0
    0    0    0    0   -1    |    0    0    0    0    0    0    0    0    0    0    0    0    0   -2    0    2    0    0    0    0    0    0    0    0
    0    0    0    0    0    |    0    0    0    0    0    0    0    0    0    0    0    0    0   -1   -1    1    0    1    0    0    0    0    0    0
    0    0    0    0    0    |    0    0    0    0    0    0    0    0    0    0    0    0    1    0   -1    0    0   -1    1    0    0    0    0    0
    0    0    0    0    0    |    0    0    0    0    0    0    0    0    0    0    0    0    0   -1    0    1    0    0   -1    1    0    0    0    0
    0    0    0    0    0    |    0    0    0    0    0    0    0    0    0    0    0    0   -1    0    1    0    0    0    0   -1    1    0    0    0
    0    0    0    0    0    |    0    0    0    0    0    0    0    0    0    0    0    0    0   -1    0    1    1    0    0    0   -1    0    0    0
    0   -1    0    0    0    |    0    0    0    0    0    0    0    0    0    0    0    0   -1   -1    0    1    0    0    0    0    0    1    0    0
    0    0   -1    0    0    |    0    0    0    0    0    0    0    0    0    0    0    0   -1    0    0    0    0    0    0    0    0    0    0    1
    0    0    0    0    0    |    0    0    0    0    0    0    0    0    0    0    0    0    1    0    0    0   -1    0    0    0    0   -1    1    0
    0    0    0    0    0    |    0    0    0    0    0    0    0    0    0    0    0    0    0   -1    0    1    0    0    0    0    0    0   -1    1
------------------------------------------------------------------------------------------------------------------------------------------------------
Rank of source Bodenshtain matrix: 20

Source matrix:
------------------------------------------------------------------------------------------------------------------------------------------------------
   -1    0    0    0    0    |   -1   -1    1    1    0    0    0    0    0    0    0    0    0    0    0    0    0    0    0    0    0    0    0    0
    0   -1    0    0    0    |   -1   -1    0    1    1    0    0    0    0    0    0    0    0    0    0    0    0    0    0    0    0    0    0    0
    0    0   -1    0    0    |   -1    0    0    0    0    1    0    0    0    0    0    0    0    0    0    0    0    0    0    0    0    0    0    0
    0    0    0   -1    0    |   -1    0    0    0    0    0    1    0    0    0    0    0    0    0    0    0    0    0    0    0    0    0    0    0
    0    0    0    0   -1    |    0   -2    0    2    0    0    0    0    0    0    0    0    0    0    0    0    0    0    0    0    0    0    0    0
    0    0    0    0    0    |    0   -1   -1    1    0    0    0    1    0    0    0    0    0    0    0    0    0    0    0    0    0    0    0    0
    0    0    0    0    0    |    1    0   -1    0    0    0    0   -1    1    0    0    0    0    0    0    0    0    0    0    0    0    0    0    0
    0    0    0    0    0    |    0   -1    0    1    0    0    0    0   -1    1    0    0    0    0    0    0    0    0    0    0    0    0    0    0
    0    0    0    0    0    |    0    0    1    0   -1    0    0    0    0   -1    1    0    0    0    0    0    0    0    0    0    0    0    0    0
    0    0    0    0    0    |    0   -1    0    1    0    0    0    0    0    0   -1    1    0    0    0    0    0    0    0    0    0    0    0    0
    0    0    0    0    0    |    1    0    0    0   -1    0   -1    0    0    0    0    1    0    0    0    0    0    0    0    0    0    0    0    0
    0    0    0    0    0    |    0   -1    0    1    0    1    0    0    0    0    0   -1    0    0    0    0    0    0    0    0    0    0    0    0
   -1    0    0    0    0    |    0    0    0    0    0    0    0    0    0    0    0    0   -1   -1    1    1    0    0    0    0    0    0    0    0
    0    0    0   -1    0    |    0    0    0    0    0    0    0    0    0    0    0    0   -1    0    0    0    1    0    0    0    0    0    0    0
    0    0    0    0   -1    |    0    0    0    0    0    0    0    0    0    0    0    0    0   -2    0    2    0    0    0    0    0    0    0    0
    0    0    0    0    0    |    0    0    0    0    0    0    0    0    0    0    0    0    0   -1   -1    1    0    1    0    0    0    0    0    0
    0    0    0    0    0    |    0    0    0    0    0    0    0    0    0    0    0    0    1    0   -1    0    0   -1    1    0    0    0    0    0
    0    0    0    0    0    |    0    0    0    0    0    0    0    0    0    0    0    0    0   -1    0    1    0    0   -1    1    0    0    0    0
    0    0    0    0    0    |    0    0    0    0    0    0    0    0    0    0    0    0   -1    0    1    0    0    0    0   -1    1    0    0    0
    0    0    0    0    0    |    0    0    0    0    0    0    0    0    0    0    0    0    0   -1    0    1    1    0    0    0   -1    0    0    0
    0   -1    0    0    0    |    0    0    0    0    0    0    0    0    0    0    0    0   -1   -1    0    1    0    0    0    0    0    1    0    0
    0    0   -1    0    0    |    0    0    0    0    0    0    0    0    0    0    0    0   -1    0    0    0    0    0    0    0    0    0    0    1
    0    0    0    0    0    |    0    0    0    0    0    0    0    0    0    0    0    0    1    0    0    0   -1    0    0    0    0   -1    1    0
    0    0    0    0    0    |    0    0    0    0    0    0    0    0    0    0    0    0    0   -1    0    1    0    0    0    0    0    0   -1    1
------------------------------------------------------------------------------------------------------------------------------------------------------
Rank of source Bodenshtain matrix: 20

Source matrix:
------------------------------------------------------------------------------------------------------------------------------------------------------
   -1    0    0    0    0    |   -1   -1    1    1    0    0    0    0    0    0    0    0    0    0    0    0    0    0    0    0    0    0    0    0
    0   -1    0    0    0    |   -1   -1    0    1    1    0    0    0    0    0    0    0    0    0    0    0    0    0    0    0    0    0    0    0
    0    0   -1    0    0    |   -1    0    0    0    0    1    0    0    0    0    0    0    0    0    0    0    0    0    0    0    0    0    0    0
    0    0    0   -1    0    |   -1    0    0    0    0    0    1    0    0    0    0    0    0    0    0    0    0    0    0    0    0    0    0    0
    0    0    0    0   -1    |    0   -2    0    2    0    0    0    0    0    0    0    0    0    0    0    0    0    0    0    0    0    0    0    0
    0    0    0    0    0    |    0   -1   -1    1    0    0    0    1    0    0    0    0    0    0    0    0    0    0    0    0    0    0    0    0
    0    0    0    0    0    |    1    0   -1    0    0    0    0   -1    1    0    0    0    0    0    0    0    0    0    0    0    0    0    0    0
    0    0    0    0    0    |    0   -1    0    1    0    0    0    0   -1    1    0    0    0    0    0    0    0    0    0    0    0    0    0    0
    0    0    0    0    0    |    0    0    1    0   -1    0    0    0    0   -1    1    0    0    0    0    0    0    0    0    0    0    0    0    0
    0    0    0    0    0    |    0   -1    0    1    0    0    0    0    0    0   -1    1    0    0    0    0    0    0    0    0    0    0    0    0
    0    0    0    0    0    |    1    0    0    0   -1    0   -1    0    0    0    0    1    0    0    0    0    0    0    0    0    0    0    0    0
    0    0    0    0    0    |    0   -1    0    1    0    1    0    0    0    0    0   -1    0    0    0    0    0    0    0    0    0    0    0    0
   -1    0    0    0    0    |    0    0    0    0    0    0    0    0    0    0    0    0   -1   -1    1    1    0    0    0    0    0    0    0    0
    0    0    0   -1    0    |    0    0    0    0    0    0    0    0    0    0    0    0   -1    0    0    0    1    0    0    0    0    0    0    0
    0    0    0    0   -1    |    0    0    0    0    0    0    0    0    0    0    0    0    0   -2    0    2    0    0    0    0    0    0    0    0
    0    0    0    0    0    |    0    0    0    0    0    0    0    0    0    0    0    0    0   -1   -1    1    0    1    0    0    0    0    0    0
    0    0    0    0    0    |    0    0    0    0    0    0    0    0    0    0    0    0    1    0   -1    0    0   -1    1    0    0    0    0    0
    0    0    0    0    0    |    0    0    0    0    0    0    0    0    0    0    0    0    0   -1    0    1    0    0   -1    1    0    0    0    0
    0    0    0    0    0    |    0    0    0    0    0    0    0    0    0    0    0    0   -1    0    1    0    0    0    0   -1    1    0    0    0
    0    0    0    0    0    |    0    0    0    0    0    0    0    0    0    0    0    0    0   -1    0    1    1    0    0    0   -1    0    0    0
    0   -1    0    0    0    |    0    0    0    0    0    0    0    0    0    0    0    0   -1   -1    0    1    0    0    0    0    0    1    0    0
    0    0   -1    0    0    |    0    0    0    0    0    0    0    0    0    0    0    0   -1    0    0    0    0    0    0    0    0    0    0    1
    0    0    0    0    0    |    0    0    0    0    0    0    0    0    0    0    0    0    1    0    0    0   -1    0    0    0    0   -1    1    0
    0    0    0    0    0    |    0    0    0    0    0    0    0    0    0    0    0    0    0   -1    0    1    0    0    0    0    0    0   -1    1
------------------------------------------------------------------------------------------------------------------------------------------------------
Rank of source Bodenshtain matrix: 20

Source matrix:
------------------------------------------------------------------------------------------------------------------------------------------------------
   -1    0    0    0    0    |   -1   -1    1    1    0    0    0    0    0    0    0    0    0    0    0    0    0    0    0    0    0    0    0    0
    0   -1    0    0    0    |   -1   -1    0    1    1    0    0    0    0    0    0    0    0    0    0    0    0    0    0    0    0    0    0    0
    0    0   -1    0    0    |   -1    0    0    0    0    1    0    0    0    0    0    0    0    0    0    0    0    0    0    0    0    0    0    0
    0    0    0   -1    0    |   -1    0    0    0    0    0    1    0    0    0    0    0    0    0    0    0    0    0    0    0    0    0    0    0
    0    0    0    0   -1    |    0   -2    0    2    0    0    0    0    0    0    0    0    0    0    0    0    0    0    0    0    0    0    0    0
    0    0    0    0    0    |    0   -1   -1    1    0    0    0    1    0    0    0    0    0    0    0    0    0    0    0    0    0    0    0    0
    0    0    0    0    0    |    1    0   -1    0    0    0    0   -1    1    0    0    0    0    0    0    0    0    0    0    0    0    0    0    0
    0    0    0    0    0    |    0   -1    0    1    0    0    0    0   -1    1    0    0    0    0    0    0    0    0    0    0    0    0    0    0
    0    0    0    0    0    |    0    0    1    0   -1    0    0    0    0   -1    1    0    0    0    0    0    0    0    0    0    0    0    0    0
    0    0    0    0    0    |    0   -1    0    1    0    0    0    0    0    0   -1    1    0    0    0    0    0    0    0    0    0    0    0    0
    0    0    0    0    0    |    1    0    0    0   -1    0   -1    0    0    0    0    1    0    0    0    0    0    0    0    0    0    0    0    0
    0    0    0    0    0    |    0   -1    0    1    0    1    0    0    0    0    0   -1    0    0    0    0    0    0    0    0    0    0    0    0
   -1    0    0    0    0    |    0    0    0    0    0    0    0    0    0    0    0    0   -1   -1    1    1    0    0    0    0    0    0    0    0
    0    0    0   -1    0    |    0    0    0    0    0    0    0    0    0    0    0    0   -1    0    0    0    1    0    0    0    0    0    0    0
    0    0    0    0   -1    |    0    0    0    0    0    0    0    0    0    0    0    0    0   -2    0    2    0    0    0    0    0    0    0    0
    0    0    0    0    0    |    0    0    0    0    0    0    0    0    0    0    0    0    0   -1   -1    1    0    1    0    0    0    0    0    0
    0    0    0    0    0    |    0    0    0    0    0    0    0    0    0    0    0    0    1    0   -1    0    0   -1    1    0    0    0    0    0
    0    0    0    0    0    |    0    0    0    0    0    0    0    0    0    0    0    0    0   -1    0    1    0    0   -1    1    0    0    0    0
    0    0    0    0    0    |    0    0    0    0    0    0    0    0    0    0    0    0   -1    0    1    0    0    0    0   -1    1    0    0    0
    0    0    0    0    0    |    0    0    0    0    0    0    0    0    0    0    0    0    0   -1    0    1    1    0    0    0   -1    0    0    0
    0   -1    0    0    0    |    0    0    0    0    0    0    0    0    0    0    0    0   -1   -1    0    1    0    0    0    0    0    1    0    0
    0    0   -1    0    0    |    0    0    0    0    0    0    0    0    0    0    0    0   -1    0    0    0    0    0    0    0    0    0    0    1
    0    0    0    0    0    |    0    0    0    0    0    0    0    0    0    0    0    0    1    0    0    0   -1    0    0    0    0   -1    1    0
    0    0    0    0    0    |    0    0    0    0    0    0    0    0    0    0    0    0    0   -1    0    1    0    0    0    0    0    0   -1    1
------------------------------------------------------------------------------------------------------------------------------------------------------
Rank of source Bodenshtain matrix: 20

Source matrix:
------------------------------------------------------------------------------------------------------------------------------------------------------
   -1    0    0    0    0    |   -1   -1    1    1    0    0    0    0    0    0    0    0    0    0    0    0    0    0    0    0    0    0    0    0
    0   -1    0    0    0    |   -1   -1    0    1    1    0    0    0    0    0    0    0    0    0    0    0    0    0    0    0    0    0    0    0
    0    0   -1    0    0    |   -1    0    0    0    0    1    0    0    0    0    0    0    0    0    0    0    0    0    0    0    0    0    0    0
    0    0    0   -1    0    |   -1    0    0    0    0    0    1    0    0    0    0    0    0    0    0    0    0    0    0    0    0    0    0    0
    0    0    0    0   -1    |    0   -2    0    2    0    0    0    0    0    0    0    0    0    0    0    0    0    0    0    0    0    0    0    0
    0    0    0    0    0    |    0   -1   -1    1    0    0    0    1    0    0    0    0    0    0    0    0    0    0    0    0    0    0    0    0
    0    0    0    0    0    |    1    0   -1    0    0    0    0   -1    1    0    0    0    0    0    0    0    0    0    0    0    0    0    0    0
    0    0    0    0    0    |    0   -1    0    1    0    0    0    0   -1    1    0    0    0    0    0    0    0    0    0    0    0    0    0    0
    0    0    0    0    0    |    0    0    1    0   -1    0    0    0    0   -1    1    0    0    0    0    0    0    0    0    0    0    0    0    0
    0    0    0    0    0    |    0   -1    0    1    0    0    0    0    0    0   -1    1    0    0    0    0    0    0    0    0    0    0    0    0
    0    0    0    0    0    |    1    0    0    0   -1    0   -1    0    0    0    0    1    0    0    0    0    0    0    0    0    0    0    0    0
    0    0    0    0    0    |    0   -1    0    1    0    1    0    0    0    0    0   -1    0    0    0    0    0    0    0    0    0    0    0    0
   -1    0    0    0    0    |    0    0    0    0    0    0    0    0    0    0    0    0   -1   -1    1    1    0    0    0    0    0    0    0    0
    0    0    0   -1    0    |    0    0    0    0    0    0    0    0    0    0    0    0   -1    0    0    0    1    0    0    0    0    0    0    0
    0    0    0    0   -1    |    0    0    0    0    0    0    0    0    0    0    0    0    0   -2    0    2    0    0    0    0    0    0    0    0
    0    0    0    0    0    |    0    0    0    0    0    0    0    0    0    0    0    0    0   -1   -1    1    0    1    0    0    0    0    0    0
    0    0    0    0    0    |    0    0    0    0    0    0    0    0    0    0    0    0    1    0   -1    0    0   -1    1    0    0    0    0    0
    0    0    0    0    0    |    0    0    0    0    0    0    0    0    0    0    0    0    0   -1    0    1    0    0   -1    1    0    0    0    0
    0    0    0    0    0    |    0    0    0    0    0    0    0    0    0    0    0    0   -1    0    1    0    0    0    0   -1    1    0    0    0
    0    0    0    0    0    |    0    0    0    0    0    0    0    0    0    0    0    0    0   -1    0    1    1    0    0    0   -1    0    0    0
    0   -1    0    0    0    |    0    0    0    0    0    0    0    0    0    0    0    0   -1   -1    0    1    0    0    0    0    0    1    0    0
    0    0   -1    0    0    |    0    0    0    0    0    0    0    0    0    0    0    0   -1    0    0    0    0    0    0    0    0    0    0    1
    0    0    0    0    0    |    0    0    0    0    0    0    0    0    0    0    0    0    1    0    0    0   -1    0    0    0    0   -1    1    0
    0    0    0    0    0    |    0    0    0    0    0    0    0    0    0    0    0    0    0   -1    0    1    0    0    0    0    0    0   -1    1
------------------------------------------------------------------------------------------------------------------------------------------------------
Rank of source Bodenshtain matrix: 20

Source matrix:
------------------------------------------------------------------------------------------------------------------------------------------------------
   -1    0    0    0    0    |   -1   -1    1    1    0    0    0    0    0    0    0    0    0    0    0    0    0    0    0    0    0    0    0    0
    0   -1    0    0    0    |   -1   -1    0    1    1    0    0    0    0    0    0    0    0    0    0    0    0    0    0    0    0    0    0    0
    0    0   -1    0    0    |   -1    0    0    0    0    1    0    0    0    0    0    0    0    0    0    0    0    0    0    0    0    0    0    0
    0    0    0   -1    0    |   -1    0    0    0    0    0    1    0    0    0    0    0    0    0    0    0    0    0    0    0    0    0    0    0
    0    0    0    0   -1    |    0   -2    0    2    0    0    0    0    0    0    0    0    0    0    0    0    0    0    0    0    0    0    0    0
    0    0    0    0    0    |    0   -1   -1    1    0    0    0    1    0    0    0    0    0    0    0    0    0    0    0    0    0    0    0    0
    0    0    0    0    0    |    1    0   -1    0    0    0    0   -1    1    0    0    0    0    0    0    0    0    0    0    0    0    0    0    0
    0    0    0    0    0    |    0   -1    0    1    0    0    0    0   -1    1    0    0    0    0    0    0    0    0    0    0    0    0    0    0
    0    0    0    0    0    |    0    0    1    0   -1    0    0    0    0   -1    1    0    0    0    0    0    0    0    0    0    0    0    0    0
    0    0    0    0    0    |    0   -1    0    1    0    0    0    0    0    0   -1    1    0    0    0    0    0    0    0    0    0    0    0    0
    0    0    0    0    0    |    1    0    0    0   -1    0   -1    0    0    0    0    1    0    0    0    0    0    0    0    0    0    0    0    0
    0    0    0    0    0    |    0   -1    0    1    0    1    0    0    0    0    0   -1    0    0    0    0    0    0    0    0    0    0    0    0
   -1    0    0    0    0    |    0    0    0    0    0    0    0    0    0    0    0    0   -1   -1    1    1    0    0    0    0    0    0    0    0
    0    0    0   -1    0    |    0    0    0    0    0    0    0    0    0    0    0    0   -1    0    0    0    1    0    0    0    0    0    0    0
    0    0    0    0   -1    |    0    0    0    0    0    0    0    0    0    0    0    0    0   -2    0    2    0    0    0    0    0    0    0    0
    0    0    0    0    0    |    0    0    0    0    0    0    0    0    0    0    0    0    0   -1   -1    1    0    1    0    0    0    0    0    0
    0    0    0    0    0    |    0    0    0    0    0    0    0    0    0    0    0    0    1    0   -1    0    0   -1    1    0    0    0    0    0
    0    0    0    0    0    |    0    0    0    0    0    0    0    0    0    0    0    0    0   -1    0    1    0    0   -1    1    0    0    0    0
    0    0    0    0    0    |    0    0    0    0    0    0    0    0    0    0    0    0   -1    0    1    0    0    0    0   -1    1    0    0    0
    0    0    0    0    0    |    0    0    0    0    0    0    0    0    0    0    0    0    0   -1    0    1    1    0    0    0   -1    0    0    0
    0   -1    0    0    0    |    0    0    0    0    0    0    0    0    0    0    0    0   -1   -1    0    1    0    0    0    0    0    1    0    0
    0    0   -1    0    0    |    0    0    0    0    0    0    0    0    0    0    0    0   -1    0    0    0    0    0    0    0    0    0    0    1
    0    0    0    0    0    |    0    0    0    0    0    0    0    0    0    0    0    0    1    0    0    0   -1    0    0    0    0   -1    1    0
    0    0    0    0    0    |    0    0    0    0    0    0    0    0    0    0    0    0    0   -1    0    1    0    0    0    0    0    0   -1    1
------------------------------------------------------------------------------------------------------------------------------------------------------
Rank of source Bodenshtain matrix: 20

Source matrix:
------------------------------------------------------------------------------------------------------------------------------------------------------
   -1    0    0    0    0    |   -1   -1    1    1    0    0    0    0    0    0    0    0    0    0    0    0    0    0    0    0    0    0    0    0
    0   -1    0    0    0    |   -1   -1    0    1    1    0    0    0    0    0    0    0    0    0    0    0    0    0    0    0    0    0    0    0
    0    0   -1    0    0    |   -1    0    0    0    0    1    0    0    0    0    0    0    0    0    0    0    0    0    0    0    0    0    0    0
    0    0    0   -1    0    |   -1    0    0    0    0    0    1    0    0    0    0    0    0    0    0    0    0    0    0    0    0    0    0    0
    0    0    0    0   -1    |    0   -2    0    2    0    0    0    0    0    0    0    0    0    0    0    0    0    0    0    0    0    0    0    0
    0    0    0    0    0    |    0   -1   -1    1    0    0    0    1    0    0    0    0    0    0    0    0    0    0    0    0    0    0    0    0
    0    0    0    0    0    |    1    0   -1    0    0    0    0   -1    1    0    0    0    0    0    0    0    0    0    0    0    0    0    0    0
    0    0    0    0    0    |    0   -1    0    1    0    0    0    0   -1    1    0    0    0    0    0    0    0    0    0    0    0    0    0    0
    0    0    0    0    0    |    0    0    1    0   -1    0    0    0    0   -1    1    0    0    0    0    0    0    0    0    0    0    0    0    0
    0    0    0    0    0    |    0   -1    0    1    0    0    0    0    0    0   -1    1    0    0    0    0    0    0    0    0    0    0    0    0
    0    0    0    0    0    |    1    0    0    0   -1    0   -1    0    0    0    0    1    0    0    0    0    0    0    0    0    0    0    0    0
    0    0    0    0    0    |    0   -1    0    1    0    1    0    0    0    0    0   -1    0    0    0    0    0    0    0    0    0    0    0    0
   -1    0    0    0    0    |    0    0    0    0    0    0    0    0    0    0    0    0   -1   -1    1    1    0    0    0    0    0    0    0    0
    0    0    0   -1    0    |    0    0    0    0    0    0    0    0    0    0    0    0   -1    0    0    0    1    0    0    0    0    0    0    0
    0    0    0    0   -1    |    0    0    0    0    0    0    0    0    0    0    0    0    0   -2    0    2    0    0    0    0    0    0    0    0
    0    0    0    0    0    |    0    0    0    0    0    0    0    0    0    0    0    0    0   -1   -1    1    0    1    0    0    0    0    0    0
    0    0    0    0    0    |    0    0    0    0    0    0    0    0    0    0    0    0    1    0   -1    0    0   -1    1    0    0    0    0    0
    0    0    0    0    0    |    0    0    0    0    0    0    0    0    0    0    0    0    0   -1    0    1    0    0   -1    1    0    0    0    0
    0    0    0    0    0    |    0    0    0    0    0    0    0    0    0    0    0    0   -1    0    1    0    0    0    0   -1    1    0    0    0
    0    0    0    0    0    |    0    0    0    0    0    0    0    0    0    0    0    0    0   -1    0    1    1    0    0    0   -1    0    0    0
    0   -1    0    0    0    |    0    0    0    0    0    0    0    0    0    0    0    0   -1   -1    0    1    0    0    0    0    0    1    0    0
    0    0   -1    0    0    |    0    0    0    0    0    0    0    0    0    0    0    0   -1    0    0    0    0    0    0    0    0    0    0    1
    0    0    0    0    0    |    0    0    0    0    0    0    0    0    0    0    0    0    1    0    0    0   -1    0    0    0    0   -1    1    0
    0    0    0    0    0    |    0    0    0    0    0    0    0    0    0    0    0    0    0   -1    0    1    0    0    0    0    0    0   -1    1
------------------------------------------------------------------------------------------------------------------------------------------------------
Rank of source Bodenshtain matrix: 20

Source matrix:
------------------------------------------------------------------------------------------------------------------------------------------------------
   -1    0    0    0    0    |   -1   -1    1    1    0    0    0    0    0    0    0    0    0    0    0    0    0    0    0    0    0    0    0    0
    0   -1    0    0    0    |   -1   -1    0    1    1    0    0    0    0    0    0    0    0    0    0    0    0    0    0    0    0    0    0    0
    0    0   -1    0    0    |   -1    0    0    0    0    1    0    0    0    0    0    0    0    0    0    0    0    0    0    0    0    0    0    0
    0    0    0   -1    0    |   -1    0    0    0    0    0    1    0    0    0    0    0    0    0    0    0    0    0    0    0    0    0    0    0
    0    0    0    0   -1    |    0   -2    0    2    0    0    0    0    0    0    0    0    0    0    0    0    0    0    0    0    0    0    0    0
    0    0    0    0    0    |    0   -1   -1    1    0    0    0    1    0    0    0    0    0    0    0    0    0    0    0    0    0    0    0    0
    0    0    0    0    0    |    1    0   -1    0    0    0    0   -1    1    0    0    0    0    0    0    0    0    0    0    0    0    0    0    0
    0    0    0    0    0    |    0   -1    0    1    0    0    0    0   -1    1    0    0    0    0    0    0    0    0    0    0    0    0    0    0
    0    0    0    0    0    |    0    0    1    0   -1    0    0    0    0   -1    1    0    0    0    0    0    0    0    0    0    0    0    0    0
    0    0    0    0    0    |    0   -1    0    1    0    0    0    0    0    0   -1    1    0    0    0    0    0    0    0    0    0    0    0    0
    0    0    0    0    0    |    1    0    0    0   -1    0   -1    0    0    0    0    1    0    0    0    0    0    0    0    0    0    0    0    0
    0    0    0    0    0    |    0   -1    0    1    0    1    0    0    0    0    0   -1    0    0    0    0    0    0    0    0    0    0    0    0
   -1    0    0    0    0    |    0    0    0    0    0    0    0    0    0    0    0    0   -1   -1    1    1    0    0    0    0    0    0    0    0
    0    0    0   -1    0    |    0    0    0    0    0    0    0    0    0    0    0    0   -1    0    0    0    1    0    0    0    0    0    0    0
    0    0    0    0   -1    |    0    0    0    0    0    0    0    0    0    0    0    0    0   -2    0    2    0    0    0    0    0    0    0    0
    0    0    0    0    0    |    0    0    0    0    0    0    0    0    0    0    0    0    0   -1   -1    1    0    1    0    0    0    0    0    0
    0    0    0    0    0    |    0    0    0    0    0    0    0    0    0    0    0    0    1    0   -1    0    0   -1    1    0    0    0    0    0
    0    0    0    0    0    |    0    0    0    0    0    0    0    0    0    0    0    0    0   -1    0    1    0    0   -1    1    0    0    0    0
    0    0    0    0    0    |    0    0    0    0    0    0    0    0    0    0    0    0   -1    0    1    0    0    0    0   -1    1    0    0    0
    0    0    0    0    0    |    0    0    0    0    0    0    0    0    0    0    0    0    0   -1    0    1    1    0    0    0   -1    0    0    0
    0   -1    0    0    0    |    0    0    0    0    0    0    0    0    0    0    0    0   -1   -1    0    1    0    0    0    0    0    1    0    0
    0    0   -1    0    0    |    0    0    0    0    0    0    0    0    0    0    0    0   -1    0    0    0    0    0    0    0    0    0    0    1
    0    0    0    0    0    |    0    0    0    0    0    0    0    0    0    0    0    0    1    0    0    0   -1    0    0    0    0   -1    1    0
    0    0    0    0    0    |    0    0    0    0    0    0    0    0    0    0    0    0    0   -1    0    1    0    0    0    0    0    0   -1    1
------------------------------------------------------------------------------------------------------------------------------------------------------
Rank of source Bodenshtain matrix: 20

